13,3
13,2
13,1
13,0
12,8
12,7
12,6
12,5
12,4
12,3
12,2
12,1
12,0
11,5
11,4
11,3
11,2
11,1
11,0
10,12
10,11
10,10
10,9
10,8
10,7
10,6
10,5
10,4
10,3
10,2
10,1
10,0
9,5
9,4
9,3
9,2
9,1
9,0
8,5
8,4
8,3
8,2
8,1
8,0
7,5
7,4
7,3
7,2
7,1
7,0
6,5
6,4
6,3
6,2
6,1
6,0
5,6
5,5
5,4
5,3
5,2
5,1
5,0
4,3
4,2
4,1
14,303
4,0
3,6
3,5
3,4
3,3
14,5
3,2
14,4
3,1
3,0
14,96
2,6
2,5
44,4
2,7
2,2
2,1
2,0
14,3
1,3
1,2
1,1
1,0
44,3
0,445
0,443
0,441
0,436
0,435
0,432
0,429
0,428
0,427
0,419
0,439
0,417
2,4
0,413
0,410
0,409
0,408
0,379
0,345
0,331
0,322
0,321
0,320
0,313
0,243
0,1
0,0
2,3
0,9
0,310
0,305
0,308
0,304
0,303
0,302
0,307
0,12
0,438
0,10
0,8
0,338
0,300
0,343
0,299
0,298
0,392
0,297
0,391
0,296
0,416
0,295
0,393
0,294
0,332
0,293
0,361
0,292
0,368
0,291
0,366
0,290
0,336
0,289
0,437
0,288
0,329
0,287
0,420
0,286
0,301
0,285
0,383
0,284
0,415
0,283
0,447
0,282
0,334
0,281
0,446
0,280
0,325
13,4
14,0
14,2
14,8
14,97
14,100
14,102
14,104
14,105
14,107
14,108
14,110
14,112
14,113
14,115
14,116
14,118
14,119
14,121
14,123
14,124
14,126
14,127
14,129
14,131
14,132
14,134
14,135
14,137
14,138
14,140
14,142
14,143
14,145
14,146
14,148
14,150
14,151
14,153
14,157
14,172
14,173
14,175
14,177
14,178
14,180
14,181
14,183
14,185
14,186
14,188
14,189
14,191
14,193
14,194
14,196
14,197
14,199
14,200
14,202
14,204
14,205
14,207
14,208
14,210
14,212
14,213
14,215
14,216
14,218
14,219
14,221
14,223
14,224
14,226
14,227
14,229
14,249
14,250
14,252
14,253
14,255
14,256
14,258
14,260
14,261
14,263
14,264
14,266
14,268
14,269
14,271
14,272
14,274
14,276
14,277
14,279
14,280
14,282
14,283
14,285
14,287
14,288
14,290
14,291
14,293
14,295
14,296
14,298
14,299
14,301
14,302
15,1
15,3
15,4
15,6
15,7
15,9
15,11
15,12
15,14
15,15
15,17
15,18
15,20
15,22
15,23
15,25
15,26
15,28
15,30
15,31
15,33
15,34
15,36
15,37
15,39
15,41
15,42
15,44
15,45
15,47
15,49
15,50
15,52
15,53
15,55
15,57
15,58
15,60
15,61
15,63
15,64
15,66
15,68
15,69
15,71
15,72
15,74
15,76
15,77
15,79
15,80
15,82
15,83
15,85
15,87
15,88
15,90
15,91
15,93
15,95
15,96
15,98
15,99
15,101
15,102
15,104
15,106
15,107
15,109
15,110
15,112
15,114
15,115
15,128
15,129
15,131
15,133
15,134
15,136
15,137
15,139
15,140
15,142
15,144
15,145
15,147
15,148
15,150
15,152
15,153
15,155
15,156
15,158
15,159
15,161
15,163
15,164
15,166
15,167
15,169
15,171
15,172
15,174
15,175
15,177
15,178
15,180
15,182
15,183
15,185
15,186
15,188
15,190
15,191
15,193
15,194
15,196
15,197
15,199
15,201
15,202
15,204
15,205
15,207
15,209
15,210
15,212
15,213
15,215
15,217
15,218
15,220
15,221
15,257
15,258
15,260
15,262
15,263
15,320
15,321
15,323
15,325
15,326
15,328
15,329
15,331
15,332
15,334
15,336
15,337
15,339
15,340
15,342
15,344
15,345
15,347
15,348
15,350
15,351
15,353
15,355
15,356
15,358
15,359
15,361
15,363
15,364
15,366
15,367
16,1
16,3
16,4
16,6
16,7
16,9
16,10
16,17
16,19
16,20
16,22
16,23
16,25
16,27
16,28
16,30
16,31
16,33
16,34
16,36
16,38
16,39
16,41
16,64
16,66
16,68
16,69
16,71
16,72
16,74
16,75
16,77
16,79
16,80
16,82
16,83
16,85
16,87
16,88
16,90
16,91
16,93
16,95
16,96
16,98
16,99
16,101
16,102
16,104
16,106
16,107
16,109
16,110
16,112
16,114
16,115
16,117
16,118
16,120
16,121
16,123
16,125
16,126
16,128
16,129
16,131
16,133
16,134
16,136
16,137
16,139
16,140
16,142
16,144
16,145
16,147
16,148
16,150
16,152
16,153
16,155
16,156
16,158
16,159
16,161
16,163
16,164
16,166
16,167
16,169
16,171
16,172
16,174
16,175
16,177
16,179
16,180
16,182
16,183
16,185
16,186
17,0
17,2
17,3
18,1
18,2
19,0
19,2
19,3
20,1
20,2
21,0
21,1
21,3
22,1
22,2
23,0
23,1
23,3
23,5
23,6
24,0
24,1
24,3
25,0
25,2
26,0
26,1
26,3
27,0
27,2
28,0
28,1
28,3
29,0
29,2
30,0
30,1
30,3
30,4
31,1
31,2
31,4
32,1
32,2
32,4
33,0
33,2
33,4
33,5
33,7
33,8
33,10
33,11
34,1
34,3
35,0
35,2
35,3
36,1
36,3
36,4
37,1
37,2
37,4
38,0
38,2
38,4
39,0
39,2
39,3
40,0
40,2
40,3
41,1
41,2
42,0
42,1
42,3
43,0
43,1
43,3
43,4
43,6
43,8
43,9
44,0
44,1
45,0
45,2
45,3
46,0
46,1
46,3
46,4
47,0
47,2
47,3
48,1
48,2
48,4
48,6
48,7
49,0
49,1
49,3
49,4
49,6
49,8
49,9
51,0
51,1
51,3
51,5
51,6
51,8
51,9
51,7
51,4
51,2
49,10
49,7
49,5
49,2
48,8
48,5
48,3
48,0
47,1
46,5
46,2
45,4
45,1
44,2
43,10
43,7
43,5
43,2
42,4
42,2
41,3
41,0
40,1
39,4
39,1
38,3
38,1
37,3
37,0
36,2
36,0
35,1
34,2
34,0
33,9
33,6
33,3
33,1
32,3
32,0
31,3
31,0
30,2
29,3
29,1
28,2
27,3
27,1
26,2
25,3
25,1
24,2
23,7
23,4
23,2
22,3
22,0
21,2
20,3
20,0
19,1
18,3
18,0
17,1
16,187
16,184
16,181
16,178
16,176
16,173
16,170
16,168
16,165
16,162
16,160
16,157
16,154
16,151
16,149
16,146
16,143
16,141
16,138
16,135
16,132
16,130
16,127
16,124
16,122
16,119
16,116
16,113
16,111
16,108
16,105
16,103
16,100
16,97
16,94
16,92
16,89
16,86
16,84
16,81
16,78
16,76
16,73
16,70
16,67
16,65
16,40
16,37
16,35
16,32
16,29
16,26
16,24
16,21
16,18
16,13
16,8
16,5
16,2
16,0
15,365
15,362
15,360
15,357
15,354
15,352
15,349
15,346
15,343
15,341
15,338
15,335
15,333
15,330
15,327
15,324
15,322
15,264
15,261
15,259
15,256
15,219
15,216
15,214
15,211
15,208
15,206
15,203
15,200
15,198
15,195
15,192
15,189
15,187
15,184
15,181
15,179
15,176
15,173
15,170
15,168
15,165
15,162
15,160
15,157
15,154
15,151
15,149
15,146
15,143
15,141
15,138
15,135
15,132
15,130
15,116
15,113
15,111
15,108
15,105
15,103
15,100
15,97
15,94
15,92
15,89
15,86
15,84
15,81
15,78
15,75
15,73
15,70
15,67
15,65
15,62
15,59
15,56
15,54
15,51
15,48
15,46
15,43
15,40
15,38
15,35
15,32
15,29
15,27
15,24
15,21
15,19
15,16
15,13
15,10
15,8
15,5
15,2
15,0
14,300
14,297
14,294
14,292
14,289
14,286
14,284
14,281
14,278
14,275
14,273
14,270
14,267
14,265
14,262
14,259
14,257
14,254
14,251
14,248
14,228
14,225
14,222
14,220
14,217
14,214
14,211
14,209
14,206
14,203
14,201
14,198
14,195
14,192
14,190
14,187
14,184
14,182
14,179
14,176
14,174
14,171
14,152
14,149
14,147
14,144
14,141
14,139
14,136
14,133
14,130
14,128
14,125
14,122
14,120
14,117
14,114
14,111
14,109
14,106
14,103
14,101
14,95
14,1
0,279
0,323
0,278
0,277
0,362
0,276
0,347
0,275
0,386
0,274
0,381
0,273
0,337
0,272
0,399
0,271
0,326
0,270
0,269
0,414
0,268
0,444
0,267
0,330
0,266
0,406
0,265
0,359
0,264
0,404
0,263
0,390
0,262
0,403
0,261
0,377
0,260
0,425
0,259
0,389
0,258
0,398
0,257
0,374
0,256
0,380
0,255
0,367
0,254
0,328
0,253
0,360
0,252
0,358
0,251
0,442
0,250
0,412
0,249
0,370
0,248
0,394
0,247
0,356
0,246
0,396
0,245
0,353
0,244
0,407
0,242
0,351
0,241
0,240
0,365
0,239
0,418
0,238
0,357
0,237
0,385
0,236
0,327
0,235
0,434
0,234
0,233
0,232
0,433
0,231
0,354
0,230
0,318
0,229
0,430
0,228
0,411
0,227
0,364
0,226
0,388
0,225
0,363
0,224
0,335
0,223
0,400
0,222
0,319
0,221
0,371
0,220
0,333
0,219
0,440
0,218
0,315
0,217
0,402
0,216
0,342
0,215
0,214
0,405
0,213
0,346
0,212
0,317
0,211
0,316
0,210
0,401
0,209
0,426
0,208
0,395
0,207
0,206
0,424
0,205
0,431
0,204
0,341
0,203
0,324
0,202
0,382
0,201
0,314
0,200
0,375
0,199
0,372
0,198
0,197
0,311
0,196
0,352
0,195
0,423
0,194
0,350
0,193
0,384
0,192
0,340
0,63
0,348
0,62
0,421
0,61
0,422
0,60
0,312
0,59
0,349
0,58
0,378
0,57
0,344
0,56
0,339
0,55
0,376
0,54
0,373
0,53
0,52
0,387
0,51
0,50
0,397
0,49
0,309
0,48
0,306
0,47
0,46
0,355
0,45
0,369
0,6
0,5
0,11
0,4
0,2
0,3
0,7
